function w = tensor_test()

W1 = zeros(11,11,3); 

W1(1,:,1) = [-7.28432089e-04 ,  4.14968730e-04 ,  4.59228395e-05 , -6.18477352e-04, 8.11330043e-04 ,  1.68928737e-03,  -1.12167455e-03,  -1.29292300e-03,1.89597951e-03,   4.04246995e-04,  -1.35014698e-05]; 
W1(2,:,1) = [ -1.62676093e-04  -8.55565362e-04  -1.99707938e-04   1.45429411e-04 -1.42935649e-04   1.19161952e-04  -1.34647905e-03  -4.47380793e-04 -1.87963492e-03  -8.33175509e-05  -1.38544641e-03]; 
W1(3,:,1) =  [  2.23057135e-03   1.33219536e-03   5.07292803e-04  -4.83250151e-05 -1.83714816e-04  -3.79582743e-05  -1.79717946e-03   1.99564354e-04 -3.06908449e-04  -3.96498290e-05  -3.85061197e-04];
W1(4,:,1) =  [ -9.19772487e-04  -1.07099267e-03  -1.52107433e-03  -5.37379645e-04 -1.07286114e-03   1.23279472e-03  -2.07947945e-04  -5.62716392e-04 -1.38249260e-03  -6.06588263e-04  -1.69136212e-03];
W1(5,:,1) =  [ -2.76984210e-04   5.75638551e-04  -1.19564007e-03  -5.73978759e-04 -5.68477612e-04   5.52775396e-04  -3.09552968e-04  -3.72837298e-04 1.26689952e-03  -7.23740319e-04  -4.12321009e-04];
W1(6,:,1) =  [  2.06022593e-03   1.00232486e-03  -1.18718417e-04  -9.41437727e-04 9.94639355e-04   1.43776473e-03   8.10569327e-04   2.40543581e-04 6.61466154e-04  -3.44809640e-04  -6.80169207e-04];
W1(7,:,1) =  [  1.14016945e-03  -8.40462279e-04  -9.82723781e-04   6.95133582e-04 1.30356857e-04  -5.27091033e-04  -7.85154873e-04   7.90839375e-04 -6.70613837e-04   8.50818120e-04   1.48319674e-03];
W1(8,:,1) =  [  3.89922556e-04  -2.14684944e-04  -3.74471419e-04  -1.65403064e-04 4.48946492e-04   3.33999196e-04   6.20363920e-04  -3.18917650e-04 1.03056012e-03  -6.71904592e-04  -7.61253526e-04];
W1(9,:,1) =  [ -9.48013680e-04   4.60875803e-04  -1.73379877e-03   4.15742485e-04 5.57647436e-04  -1.05904823e-03   7.39117037e-04   8.83903354e-04 5.28812699e-04  -5.86720125e-04   1.30386488e-03];
W1(10,:,1) =  [ -3.14260367e-04   1.32880441e-03   1.10935780e-05  -1.21437223e-03 1.04706734e-03   1.61096954e-03  -1.38856960e-03  -1.11122080e-03 -3.36837722e-04  -7.05168874e-04  -1.79210363e-03];
W1(11,:,1) =  [ -9.92809189e-04  -5.14253916e-04   6.01867738e-04   8.34072358e-04 7.13768706e-04  -2.89971620e-04  -1.56327570e-03   4.85303113e-04 1.28290372e-03   6.21186686e-04   1.13172515e-03];

 
 
 W1(1,:,2) = [ -1.44410285e-03   3.05087189e-04  -2.40993642e-04   3.32761381e-04 -3.82653205e-04   8.69571639e-04   9.16695688e-04   5.64156508e-04 -2.21237438e-04   1.82193355e-04   6.81094243e-04];
 W1(2,:,2) = [ -5.20008674e-04   3.66100227e-04   3.80825251e-04  -3.06483731e-03 7.21828037e-05  -3.59183614e-04  -1.25314202e-03   2.78182211e-03 2.45888601e-04  -1.37287076e-03   1.98038341e-03];
 W1(3,:,2) = [ -1.34293060e-03  -9.84062062e-05  -1.12485199e-03  -8.86198075e-04 -1.10370363e-03   7.69903418e-04  -7.94060645e-04  -1.40946510e-03 -6.15809869e-04  -1.52565900e-03  -1.81955940e-04];
 W1(4,:,2) = [ -4.61586431e-04  -5.05569566e-04  -7.47543527e-04  -2.08991300e-03 1.04696327e-03  -1.02441094e-03   1.99067174e-03   4.76211193e-04 -4.69566912e-05   1.42159246e-04  -1.55482907e-03];
 W1(5,:,2) = [  6.01485139e-04  -8.11865248e-05  -5.58847096e-04  -9.68193926e-04 -2.21217022e-04  -5.96962404e-04  -8.66297923e-04  -1.49068364e-03 -8.15417422e-07   1.04056578e-03  -5.12076658e-04];
 W1(6,:,2) = [  1.03237759e-03   5.32232865e-04   8.23221402e-04  -7.11148314e-04 -4.58295690e-04  -1.44919893e-03  -6.04326895e-04  -1.75659824e-03 -8.52184254e-04  -9.29897884e-04   5.97684237e-04];
 W1(7,:,2) = [ -3.49137059e-04   1.49980187e-03  -3.89695342e-04  -4.31188178e-04 -1.43076875e-04  -9.96561954e-04   2.26854667e-04   8.33521772e-04 -4.04425926e-04  -4.05565865e-04   2.76503008e-04];
 W1(8,:,2) = [  1.15433207e-03  -4.00792633e-05   1.03969558e-03   2.37164248e-04 -1.05843348e-04   8.48771946e-04  -3.04351607e-03  -1.67532114e-03 1.48368650e-03  -1.54102992e-04  -1.29583059e-03];
 W1(9,:,2) = [  7.60138151e-04  -1.55429728e-03   1.12727459e-03  -1.32456142e-03 7.99061614e-04  -5.24552015e-04  -1.62044051e-03  -1.26206537e-03 -1.20228995e-03  -4.03902115e-04   1.41730392e-03];
 W1(10,:,2) = [  8.62880901e-04   1.69539894e-03  -1.13112840e-03  -5.95237070e-04 1.20997219e-03   2.65518273e-03  -6.43343956e-04   2.15486647e-03 -1.52794609e-03   7.70114129e-04  -3.25906643e-04];
 W1(11,:,2) = [ -1.29932829e-03   6.91626745e-04   5.69392694e-04   5.55894221e-05 8.70317104e-04   6.36301702e-04  -5.03566815e-04   4.62006428e-04 -7.02080317e-04   1.79128326e-03  -1.45567290e-03];

 
  W1(1,:,3) = [ -9.90854809e-04  -4.17673058e-04  -1.50475724e-04  -4.66410303e-04 -6.68747743e-05   1.83537032e-03  -1.44537631e-03   4.06567182e-04 1.21222976e-04  -1.18926645e-03  -5.00961498e-04];
  W1(2,:,3) = [ -1.07821936e-04   4.66422556e-04  -1.89456751e-03  -1.25432049e-03 6.87684165e-04   6.64023333e-04   1.59757049e-03  -1.70259993e-03 2.01522605e-03  -9.27435409e-04   2.35519139e-03];
  W1(3,:,3) = [ -7.11695699e-04  -8.07078555e-04  -3.85975291e-05   3.99969394e-05 1.26039761e-03   1.02291687e-03   5.26981312e-05   3.52329254e-04 -1.50896923e-03  -9.72040580e-05   1.33067055e-03];
  W1(4,:,3) = [ -4.60993877e-04  -1.12020737e-03  -6.03447661e-05   2.06190138e-03 3.50909657e-04  -2.02449679e-04   1.04665780e-03   7.19454838e-04 3.40330211e-04  -3.74415540e-04  -2.29083258e-03];
  W1(5,:,3) = [  3.20379564e-04   2.35323154e-04  -2.18010414e-03   3.44664993e-04 -3.07681592e-04  -9.20103776e-05   1.52775086e-04  -1.05041172e-03 -1.30834570e-03  -6.17739715e-05  -6.54923962e-04];
  W1(6,:,3) = [  1.16678292e-03   7.85114069e-04  -1.43145642e-03  -2.55413167e-03 5.29928184e-05   8.35593848e-04  -1.24301820e-03   9.38872035e-05 -5.47718897e-04   1.05903647e-03  -1.60483189e-03];
  W1(7,:,3) = [ -1.90969883e-03  -3.15348589e-04   7.20978540e-04   4.34608155e-05 -1.35529379e-03   5.18370827e-04  -6.77807198e-04   4.56722191e-04 -1.41044974e-03   4.11841698e-04   4.18839598e-04];
  W1(8,:,3) = [  5.00728027e-04  -3.24879045e-04  -5.14914573e-04  -2.19035358e-03 -1.30075938e-03  -2.28402161e-04   6.47556444e-04   2.03105476e-04 1.12945665e-04   2.12792098e-03   1.90007547e-03];
  W1(9,:,3) = [  1.34789140e-03  -7.88035628e-04   1.37356750e-03   6.37741992e-04 -6.36696641e-04   3.65647924e-04  -1.66209321e-03   7.90875172e-04 3.70285066e-04  -3.31501564e-04  -9.34546988e-04];
  W1(10,:,3) = [  1.34058134e-03   2.87991599e-04   3.98726930e-04  -2.90712895e-04 1.44846505e-03  -7.77037756e-04   1.86677300e-03   6.43912936e-04 1.29535224e-03  -8.85801273e-04   1.01990474e-03];
  W1(11,:,3) = [ -1.20625284e-03  -1.44485873e-03   1.57729606e-04  -1.01866538e-03 6.87624793e-04  -3.11986223e-04  -2.77705782e-04   2.53397576e-03 -1.69417675e-04  -2.69006006e-04   8.67326860e-04];

  w = W1;